  0   0   0   0   0   0   0   0   0   0   0   0   0   0   0   0   0   0   0   0   0   0   0   0   0   0   0   0   0   0   0
  0   0 254 245 222 178 204 108 207 200 156 146  67 201 237 155   3 202 119 237 231  19 226 131 241 101 106 208 224   0   0
  0 254 226 107  67  84 194 101 192 234 245 142  61 164 225 252 192  69 145 151 196 234 182 196 171 238  40  38  32 224   0
  0 245 107  35  89 231 157 254 211 112  62  35 112 107 161 142 207  70 186 158 216  17 176  44  47 160 225 246  38 208   0
  0 222  67 121 250  99  84 249 117  73  74 100 100 195 179  73  55 183 145  13 112 180 130 197  14 153 180   1  40 106   0
  0 178  18 190 228  58 248 193  67 237  65 110  88  38 206  81 203  25 128  32  38  34  50 101 242 242  18  80 254 101   0
  0 106 128  67 239 107 114 111 250 188  24 158 236  21  15  27  35 129 253 221 116 146  30  86  20  59 217 132  59 225   0
  0 255  53  89 253 248 175  22  11 207 195 245  90  23  20  94 186  50 147 212 157 196  32 150 254  38  10 144  37 211   0
  0 106 225 125 127 131  73  69 150 236  23  85  22 238  25  53 124  80 185 221  39 200  31 113  19  55 253  54 205  87   0
  0 172 139 204 194 143  76  28  34  98 225 157  43 192 111 131 202 127  35 246 167 176  50 163 254 252  12 207 221 253   0
  0 210 222 143 241 168 230  16 174 165  53  18 148 225 161  83 233  57 155 180 166 165 108 155  27 116  35   3  21 212   0
  0 241 218 167  92 142  26 241  38   3  27   4  95 177 152 112  51  36  22   5 115  51 192  34 243 212  23 168  72  84   0
  0  30 135  33 201 251   7 106 114   9  64 210 146 157 204 231 246 147  76 190 242 201  94  98 169 182 147 108  73  96   0
  0 110 237  10 176 244 164  79 168 187  75 251  30 151  92  62   1 223 159 179  58 100 109 198  18  78  43 250  60  27   0
  0 246  20 111 107 114 151 183 145  66 228 167 241 174  18   9 120 135 148 163 122 163  96 158  65  66 185 136   4 159   0
  0 203 248  27 115 107  96  49  57 136 171  61   3  12 110 170 205  98  90 187  62  49 247 129 159 231 223 120 105  66   0
  0 246  20 111 235 227 247 235 149 213  42 116  69 192 240 163  94  93  93  67  84  38 198  85  39 203 113 200  54 148   0
  0 110 237  10  86  32 192  10 253  12 188  18 162 235 232 237 215 157 225  32 113   1  15  96 154 243  54  12 127 135   0
  0  30 135  33 168   8 193  41 219 144 244 127  42 234  93 127  34 213 190  93  39 117 153 195 216 203 246 132  67  84   0
  0 241 218 167  27 209 137 177  19 144 195 107  16 102 103  95  68 176 242 196  10  65 142 133  80 210 124  46  92  96   0
  0 210 222 143  55 116 111 175 187  89  86 172  42 191 134 220 176 251 172 139 236  46 144  71  42  52 185  11 140 112   0
  0 172 139 204 162 249  96 188 233  81 167 107 209 190 134 211  91 171 134  11   2  41 199 184 117 144  20 113  11 228   0
  0 106 225 125 159 198  94  93 159 253  69   8 141  55 194  81  80 158 159 141 101 143 223  21 187 227   9 238 213  94   0
  0 255  53  89  93  82 221  82 216  75 203 196  14 234 181 102  86 174   0 191 132 135  32  31  57 226  60 221  48 230   0
  0 106 128  67 173 105 159 166 209  75 156 154 124  66  84 102 114 238  94  17 122   4 212 171  27  67 242 141 234 115   0
  0 178  18 190  79  31 179 171 217 144 114 201 240 145 169 212 187 240 193 127 193  37 135 125 186   1  76 213  97 244   0
  0 222  67 121 133  18  90 226 135 230 135 255 123 118  83 123 212  48 112 205 151 187  74  35 240  44 198 185  48 246   0
  0 245 107  35 119  69  93  81 242 156  18 117 251  58 129  41 106 170  60  26 168 146 223 219 109  36 242  13 232  93   0
  0 254 226 107  67 181  60  53 202  10 125 179 129 139 204 248 144  23  43  65 160  59  52 188  57  23 193 209 252  68   0
  0   0 254 245 222 178  15 127  18  51  40  22 145  65  58 192 116 149 238 108 229 147 190 235 222 174 225  91  68   0   0
  0   0   0   0   0   0   0   0   0   0   0   0   0   0   0   0   0   0   0   0   0   0   0   0   0   0   0   0   0   0   0
